1314
2550
7214
7254
8143
8414
11430
15603
17844
18642
19827
23621
31659
31709
32525
32823
35220
35417
37545
50417
55491
56659
56699
56746
58113
59101
61417
63634
64022
65292
65911
66338
67118
67666
80689
83036
83629
84300
85216
99611
107667
107821
113225
113694
114164
115719
118566
119653
120404
123500
133860
134787
135872
135988
137554
138032
139587
140275
140509
140859
142846
142929
145480
146766
146861
147298
152185
152889
155649
156864
157791
158615
161263
162389
166191
171715
173106
173715
177251
180845
183065
190523
193213
197210
198087
201980
204611
210707
211233
217711
221327
226855
228227
228996
231546
232583
236229
242803
245998
248525
255778
258475
262431
262582
265938
268704
269946
272807
272968
279101
281667
285509
288645
290844
296674
297563
299246
299907
300827
301143
301512
301619
302534
304057
311626
317357
320119
324907
326193
327032
331754
344082
344516
344679
347045
347616
347907
348464
351044
351363
354405
355042
356785
358752
360148
370951
371499
372923
374771
376024
386255
389359
392285
394044
394464
397189
399229
399333
399755
406745
408212
409128
415117
422760
423421
423582
425698
425766
425837
437526
438957
442021
442241
445290
445763
445878
451292
452276
453605
459380
462063
465246
465268
465511
465918
466215
466776
468175
468396
473282
473604
480111
480462
482242
485853
487242
489408
489619
490157
492824
492893
492947
493744
495823
498276
501807
511001
512066
512420
514991
516695
518599
520488
522435
534181
535348
536983
539860
542465
543225
544979
547029
547083
550339
555254
555374
555909
561728
562580
563375
563571
567632
575316
575619
576132
579926
580773
581449
584148
584239
591227
591275
592512
592693
593371
593396
594529
596716
597730
600579
607748
608202
609601
612796
615097
615145
615664
616613
623901
624647
629040
631077
631467
633436
633940
634130
640408
640986
646803
647837
655303
655493
655707
656061
656802
659870
663062
664058
664926
667183
669879
671033
673370
675851
676371
678370
679873
681863
686342
688771
691368
691708
693371
696948
698513
700972
701230
702722
706907
708838
709955
710142
711948
714077
715804
716252
716271
718416
721368
721495
721966
723440
724617
725114
725637
725791
726385
727780
733836
734554
734818
735087
736498
736901
739217
739513
740026
740194
743362
744310
744480
747200
749893
750771
752017
752544
754193
756013
757230
757336
763881
764208
764921
765323
765681
766508
767679
769034
769921
773690
779309
781902
785834
787808
791096
791266
792247
794399
798842
799608
800253
801833
802128
803556
803948
806725
810872
814616
819311
819852
823875
824506
824655
826104
827678
831466
832184
833010
833900
838065
841985
843104
843369
844732
844948
845301
845875
846611
848231
851453
855006
855761
856732
858667
858974
859139
860905
861820
861916
863474
864746
868287
871238
875432
875523
885286
888727
893794
893868
898131
899136
905592
910043
911077
913264
917482
917950
921602
930606
933161
937479
941236
941673
942528
945322
946457
949111
951482
952036
952717
953807
956706
960165
963942
969186
969814
970565
970785
977552
979488
984394
984668
984912
985650
989250
990655
994018
995919
998074
999238
999765
